00111000
00000001
00110000
01001001
00100001
00000000
01111000
01011001
11010001
00110000
00101001
11011000
10101001
10001000
00100000
11011001
01100001
10100001
00100001
10010000
11100000
01010001
00010000
00001000
01011000
10011000
00101000
11000000
01101000
10100000
01111000
10101000
10101000
10110000
11111000
11001001
10110000
01110000
00100000
10001001
10100000
01010001
01100000
01010000
11011001
10000000
00101001
01000001
00101001
01010000
11011001
00001001
10100001
11101000
00011001
00000000
10000000
01000001
11001000
11110000
11100000
01000000
10011001
10001000
11110000
10010001
01011001
10101001
00001001
01111001
00110000
10110000
11010001
10010000
00000000
10110000
00011001
00101001
11110001
01000000
01111001
11001001
01010000
00100000
10111001
01101001
00100000
00111001
10110001
11101001
00101001
10010001
00110001
11001000
00100001
00101000
01011001
01111000
11010001
01101001
11111001
00000001
00011001
11001000
10011000
00011001
01111001
10110001
01001000
01110000
11111001
11001001
01000001
01001001
11101001
11111000
10111001
00010000
00110001
01110000
00000001
01100001
00000001
00110000
00101001
00101000
01100000
10001001
10100000
00110001
11110000
10100001
00111001
00010001
01110000
11010001
00101000
11101001
10001000
01110000
01100001
10000001
00111001
10100001
11001001
00101000
10100001
10001000
01000000
11011001
11111000
01000001
00111000
00000001
01111000
01101001
00101001
11011000
11110000
11010001
00001000
11101000
01110000
01000001
11111001
11100000
00011000
00100001
11010001
10100000
10011001
00110001
00100001
11011000
11011000
11110000
00001001
10000001
01111000
01001001
01011000
01111000
10001001
10011000
01111001
00000001
00000000
10101000
11100001
11111000
01111001
11101001
11100001
11110000
00110000
11011000
11010000
01010000
00000000
10101000
11110000
10100001
11100001
00010000
10000000
10111001
00001000
10001001
01000000
10000001
11010000
10011001
00000001
01011001
00110001
01111001
01100000
00111001
00101001
01001000
00110000
10100001
00110001
00010001
10011001
01101000
11110001
01101001
10111000
11111001
00011001
10110001
10011001
11111000
11000001
00011001
10111001
11001001
10101000
11111000
01010000
01111000
10010001
01011000
11011000
11001000
11010001
01000000
00001000
00000000
10001000
00111000
10100001
11000000
01010001
01000000
00101000
01001000
10110000
11101000
01000000
11001001
10011001
11100001
11000000
01100000
00000000
01111001
00110000
10101000
01110001
10001000
00100000
00001000
11100000
00000000
11011001
10111001
01000001
11100001
10111000
11001001
00100001
01100001
10001001
01111000
10100000
10110001
11000000
01010000
10100000
00001000
00011001
01000001
11101001
11011001
10100000
11110001
01011001
11011000
10011001
11010000
01100000
11000000
11100001
01000001
11000000
11000000
00000000
00000001
10100001
10111000
11010001
11001000
00011000
01011000
01000000
10111000
00010000
00001000
00010000
10110000
00010001
00101001
11110001
00000000
00001001
10011001
11111000
01101000
01110001
10010001
00111000
11011000
01011001
00011001
00100001
00100000
11011001
00100001
00101001
10000000
11011000
11111000
01010000
11111000
01010001
10011000
10111000
01101001
10100001
11001000
00011001
10111000
11110001
00010000
10111000
11111000
10110000
10110000
01100000
00101001
01001000
10100001
00000001
10101001
11000000
00101000
11001001
10100000
01001000
11111001
00101000
00101000
11110001
01111001
00100000
01001000
00010001
11011000
10110001
10110000
10100000
11010000
01101000
10011001
11101001
00101001
10011000
10011001
11011001
11111000
11001000
00101001
10100001
11010000
11010001
01100000
11111000
10100000
00000000
01001000
10011001
00101000
01110000
10010001
10101001
10011000
11011001
10111001
01111000
10010001
01110001
00100000
01100001
11100000
10111000
01010000
00001001
01010000
11110001
11101000
01010000
10111000
00011000
11110000
10001000
11101001
01010000
10001000
10001001
01011000
11010001
00101001
10001000
01001001
10111000
00110000
11101000
10011001
11110001
01100000
00101000
01100000
10000001
10010000
01000000
00111001
11100000
01010001
10001001
11011000
01000000
11011001
10010000
01011000
11010001
00100000
01000001
00100001
10101000
11010000
10000001
10000001
11111001
00001000
11001001
10111001
01000000
10110001
01010001
00110001
00010001
10000001
10010001
10011000
00010001
11011000
11010001
11111000
00110001
01100000
11010000
01110001
01000000
01101000
11001001
00010001
10001000
00001000
00111001
00110000
11100001
11000000
10111000
11100000
11010000
10000001
10011000
00010000
00111000
11110001
01000001
01010001
01110000
11011001
11101000
10001000
10111001
11000001
10000000
11101000
00101000
01011000
01011000
01110000
11000000
00100001
10000001
01001000
00110000
11000000
10000000
00011001
10001001
00111000
11111001
01011001
10111001
10011001
01101000
11111001
10001000
10110001
01001001
00000001
10001000
00110001
10001001
01001001
11111000
00010001
00110000
00100000
01101001
10010000
10010000
00101001
10111001
00011000
01111001
11110001
11100000
11111001
00001000
01101001
00110000
00000000
11000001
11110001
10011001
00110001
11101001
00101000
11100000
00111000
00101001
01110001
01110001
10111000
10111000
01101001
11001001
11110000
10010000
00110000
10000000
00100000
01100001
01000000
01000000
11011000
00110001
00100001
11010001
00111000
10001000
00001001
01000000
01010001
00000001
11100001
10000000
11110000
00001001
01100001
00101000
00111000
11011000
10011001
11110000
10010000
00000000
10111001
10000001
10010000
11101001
00000001
10111001
01010000
01000001
11111001
00101000
01111001
00011000
00000000
10110001
10101001
00001001
11110001
00000000
00001000
11011000
10000001
11111000
11100000
11101000
00100000
00100000
11000000
11000001
00010001
01010000
11001000
11001000
11011001
01011000
10111000
11100001
00011001
00001000
00101000
00010001
00111001
10100001
00110001
00111001
01010000
11100000
01000000
01001001
11100001
01010001
00100000
01100000
01001001
00001000
01010000
01110000
00101000
00010000
00110001
00111001
01101000
11111001
00001000
01000000
01011000
11001000
00100001
01110001
11011000
01001001
10001000
00010001
11110001
10111000
01001000
01000001
10011000
10010001
10010001
01111001
11100000
10111001
11100001
00101001
11000001
00110001
10100001
11110001
01001001
11011001
00110001
10111000
11010000
01000001
00000000
00110000
00001001
00100001
10101000
11100001
01110000
00110000
11111001
01100001
11110000
01000001
10101001
10001001
11011000
01000000
00001000
10111000
11111001
11110000
11101000
11000000
00101001
10001001
10111001
01111001
01100000
11101000
00110001
00111001
00101001
00110001
01101001
00111000
01011000
00010001
00100000
11010000
01001000
00011001
00111000
00111000
01100000
11100001
11001001
00111001
00101001
11011000
11110001
00101000
11001000
11100001
11110000
11110001
01101001
10101001
01110000
11010001
10010000
10100001
00010000
11000001
11010000
10000000
11111000
00110000
10011001
00100000
00000001
11100001
00111001
00111001
00011000
10100001
00100000
11100001
11011000
01001001
10111001
11010000
01110001
10001001
10110001
01100001
10000001
00100000
00001000
11110001
11111000
10100000
10010001
00001000
01101000
01101001
10010000
01100000
10011000
00101000
10000000
10011001
00001001
11000001
11011000
00101001
01100000
11111000
00010001
01000001
01000001
11010000
00011001
10111000
01011000
11010000
00011001
11100001
11110001
00101001
11010000
11110001
11010000
01101001
00000001
00111000
11011001
10010000
10011000
01110001
10111000
00100000
00010000
11001001
11100001
11101000
11110001
01001001
11100000
00001000
10001000
00101001
11011000
10100001
11100001
00111000
01111000
11111000
00011001
01101001
00101001
11101000
01100000
11111001
01011001
01100001
00110001
00110000
11110001
11001001
10101001
10110001
11110001
10111001
01111001
11011000
10101001
01110000
00100000
10010001
01111000
10110000
10111000
01010000
01011000
10011001
10001001
11010000
10011001
10100000
01000001
11000001
10010000
10100001
10111000
11101000
00001000
11110000
00011000
11111000
10111001
11001000
10101001
10110001
10000001
00101000
10001001
00110001
10011000
10110001
11001000
00010000
01101000
10000001
01100001
11000000
00100000
11110000
10011000
10111000
10010000
11011001
10000001
00100001
10000000
01000001
00010001
10001000
00110001
00110001
10000000
11110001
11111001
00110000
10100000
10000001
01100000
00110001
10110000
11111001
11100001
01111000
00001001
01001001
00000001
01110000
00010001
00100000
01100000
10101001
11100000
11110001
10000000
01100001
00011000
00000000
10101000
00110001
10001000
11011000
01100000
00010001
11001001
01011000
01001001
01101001
11011001
10101001
10100000
10010001
10100000
10000001
00010001
10110000
11010000
00010001
00100000
11100001
00111001
10000001
10001000
00011001
01111000
00010000
10000000
10011000
00010000
00101000
11001001
10100001
00001000
00101001
10110000
11010001
10001001
11111001
01000000
01101000
10100000
11100001
11111001
01001001
01101000
00001001
11111001
00111001
00100000
00100001
00011000
01011001
10101000
10101001
01111000
00100000
10111001
00000000
11000000
11010000
00110000
10001001
01110001
00111001
10111001
00100001
00001000
01001000
00100000
01001001
10110001
11001000
00110000
10101000
00010001
10011000
10111001
00010000
11010001
11011001
00110000
